ABC-123: 276.75 Ft
KFT-582: 712.6666666666666 Ft
JRM-441: 0 Ft
PTX-907: 1413.0555555555557 Ft
LND-264: 9545.972222222223 Ft
MVB-715: 0 Ft
HSZ-388: 1369.5833333333335 Ft
QWE-129: 10000.0 Ft
RTY-663: 12203.888888888889 Ft
ZPL-504: 593.0 Ft